 2.47000000e+00 2.47000000e+00 2.47000000e+00
 1.64000000e+00 2.27000000e+00 3.10000000e+00
 2.00000000e+00 2.66000000e+00 3.64000000e+00
 1.04400000e+00 1.04400000e+00 1.04400000e+00
 2.48000000e+00 3.27000000e+00 4.06000000e+00
 1.71000000e+00 2.48000000e+00 2.87000000e+00
 3.27000000e+00 4.52000000e+00 5.70000000e+00
 1.58000000e+00 2.20000000e+00 3.01000000e+00
 1.58000000e+00 2.20000000e+00 3.01000000e+00
 3.52000000e+00 3.52000000e+00 3.52000000e+00
 3.82000000e+00 3.82000000e+00 3.82000000e+00
 1.50800000e+00 1.50800000e+00 1.50800000e+00
 2.32000000e+00 2.32000000e+00 2.32000000e+00
 1.43000000e+00 1.43000000e+00 1.43000000e+00
 1.87000000e+00 1.87000000e+00 1.87000000e+00
 7.60000000e-01 1.57800000e+00 2.27000000e+00
 2.02000000e+00 2.02000000e+00 2.02000000e+00
 3.00000000e+00 3.64000000e+00 4.20000000e+00
 1.53000000e+00 1.53000000e+00 1.53000000e+00
 1.78000000e+00 1.78000000e+00 1.78000000e+00
 2.62000000e+00 3.34000000e+00 3.73000000e+00
 0.00000000e+00 7.40000000e-01 1.25000000e+00
 8.30000000e-01 1.43000000e+00 2.10000000e+00
 2.27000000e+00 3.20000000e+00 3.48000000e+00
 1.11000000e+00 1.67000000e+00 2.27000000e+00
 3.40000000e+00 3.40000000e+00 3.40000000e+00
 3.06000000e+00 3.06000000e+00 3.06000000e+00
 1.58000000e+00 1.58000000e+00 1.58000000e+00
 2.66000000e+00 3.75000000e+00 4.48000000e+00
 2.92000000e+00 2.92000000e+00 2.92000000e+00
 2.64000000e+00 3.29000000e+00 3.60000000e+00
 1.71000000e+00 1.71000000e+00 1.71000000e+00
 2.43000000e+00 2.43000000e+00 2.43000000e+00
 1.32000000e+00 1.32000000e+00 1.32000000e+00
 3.34000000e+00 3.34000000e+00 3.34000000e+00
 1.50000000e+00 2.06000000e+00 3.57000000e+00
 1.50000000e+00 2.06000000e+00 3.57000000e+00
 2.52000000e+00 3.34000000e+00 5.15000000e+00
 1.58000000e+00 1.58000000e+00 1.58000000e+00
