7.737 14.0 21.74
198.0 128.0 125.0
179.1 176.0 187.5
60.36 99.0 105.7
85.37 65.0 69.0
46.41 44.0 30.78
287.1 271.0 298.8
50.53 27.0 34.58
50.53 27.0 34.58
13.23 11.0 11.7
7.436 3.0 4.0
62.28 57.0 68.64
72.71 70.0 81.04
129.6 116.0 114.0
93.58 86.0 107.84
121.4 43.0 35.86
120.7  
62.27 30.0 31.28
47.4 47.0 50.8
136.9 136.0 139.2
6.8420000000000005 3.0 6.22
52.14 40.0 35.04
 127.0 134.47
53.58 44.0 5.82
20.82 6.0 8.16
176.5 118.0 112.47
257.4 251.0 273.42
96.24 40.0 54.47
92.2 100.0 100.13
1.285 2.0 0.0
106.3 109.0 123.95
84.93 80.0 82.5
3.75 4.0 5.85
99.68 98.0 90.6
123.2 22.0 18.82
212.0 203.0 218.66
212.0 203.0 218.66
185.2 19.0 155.25
99.51 82.0 59.16
