 1.66429719e+01 1.76966645e+01 1.78658261e+01
 8.40812222e+00 1.15679586e+01 1.90674981e+01
 1.55188165e+01 1.60949860e+01 1.68079956e+01
 4.65068505e+00 5.89990008e+00 1.30241768e+01
 2.47875915e+01 2.66250183e+01 2.80817879e+01
 1.95835931e+01 2.00671473e+01 2.72717138e+01
 1.43977599e+00 2.16431173e+00 3.12300258e+00
 1.22050476e+01 1.57669144e+01 1.77187037e+01
 1.22050476e+01 1.57669144e+01 1.77187037e+01
 2.57468270e+01 2.65658846e+01 2.93371564e+01
 2.53379124e+01 2.59868357e+01 2.66193917e+01
 9.07817216e+00 9.66896130e+00 1.07832633e+01
 2.26778786e+01 2.32997899e+01 2.38758609e+01
 1.08018128e+01 1.12312164e+01 1.14150222e+01
 9.78878365e+00 1.04072925e+01 1.15480838e+01
 8.73298950e+00 9.40021216e+00 1.02915250e+01
 1.53658314e+01 1.56306180e+01 1.63740634e+01
 2.62815228e+01 2.81977203e+01 2.96348455e+01
 2.79162195e+01 2.86115732e+01 2.97299805e+01
 9.90075790e+00 1.09399916e+01 1.38620588e+01
 2.96664644e+01 2.99137380e+01 3.02728489e+01
 1.87336643e+01 1.87949350e+01 1.88871774e+01
 2.25556903e+01 2.44661641e+01 2.76646825e+01
 2.56639519e+01 2.63555697e+01 2.68173006e+01
 2.51819733e+01 2.56705680e+01 2.61209900e+01
 2.89094370e+00 3.42147828e+00 4.41746390e+00
 1.18621833e+01 1.65355101e+01 1.66882010e+01
 7.75111795e+00 8.24707619e+00 9.09881951e+00
 2.69884550e+00 3.61743934e+00 4.70202990e+00
 2.90059906e+01 2.97905127e+01 3.12199130e+01
 2.75908592e+00 3.44123838e+00 4.93171955e+00
 8.47049175e+00 1.13503237e+01 1.32114950e+01
 2.37452214e+01 2.45213810e+01 2.58226008e+01
 9.00161523e+00 9.58172709e+00 1.06900024e+01
 1.92239928e+01 1.96110563e+01 2.00146825e+01
 1.50969594e+00 2.51842525e+00 3.79746758e+00
 1.91595139e+01 2.08267006e+01 2.17003577e+01
 2.56984247e+01 2.62096935e+01 2.66746979e+01
 1.92221665e+01 1.96081948e+01 2.00588477e+01
