 2.07000000e+01
 4.13000000e+01
 2.42000000e+01
 9.80000000e+00
 2.06100000e+02
 2.15900000e+00
 3.60000000e+01
 1.40680000e+03
 1.40680000e+03
 1.55000000e+01
 4.60000000e+01
 8.12000000e+01
 9.64000000e+01
 3.28000000e+01
 6.46000000e+01
 6.62000000e+01
 4.20000000e+00
 2.61500000e+02
 1.23420000e+03
 1.28500000e+02
 1.34000000e+01
 3.23000000e+01
 1.23300000e+02
 1.32000000e+01
 2.07000000e+01
 4.70000000e+00
 4.30000000e+00
 3.80000000e+01
 1.45200000e+02
 9.80000000e+00
 1.02300000e+01
 5.89500000e+01
 3.04000000e+01
 4.47000000e+01
 3.31900000e+00
 3.20800000e+02
 3.20800000e+02
 2.72000000e+01
 5.36000000e+01
