 NaN NaN NaN
 8.14724576e+00 1.12988760e+01 1.54416785e+01
 1.84295731e+01 2.66819720e+01 2.88602441e+01
 NaN NaN NaN
 2.70641064e+01 2.75486921e+01 2.80243316e+01
 NaN NaN NaN
 1.09363979e+00 2.32001229e+00 3.93355958e+00
 7.74733470e+00 9.93608831e+00 1.27275491e+01
 7.74733470e+00 9.93608831e+00 1.27275491e+01
 2.88667565e+01 2.89684294e+01 2.90033217e+01
 2.68674904e+01 2.73255891e+01 2.76577465e+01
 5.16120611e+00 6.54738758e+00 7.03835889e+00
 2.12072025e+01 2.34032007e+01 2.43667978e+01
 1.51139603e+01 1.59479456e+01 1.62826169e+01
 1.05877321e+01 1.25941970e+01 1.39116860e+01
 8.05250445e+00 9.04505304e+00 1.00839766e+01
 1.35243509e+01 1.44073985e+01 1.47994777e+01
 2.88387696e+01 2.90881967e+01 2.93048269e+01
 2.85144464e+01 2.93039255e+01 2.96087161e+01
 1.06509890e+01 1.53291573e+01 1.96274449e+01
 2.91090395e+01 2.94229351e+01 2.97283031e+01
 1.72408891e+01 1.77751518e+01 1.86144437e+01
 2.25345206e+01 2.46072194e+01 2.65868141e+01
 NaN NaN NaN
 NaN NaN NaN
 5.81340496e+00 5.89846538e+00 6.21113296e+00
 1.26092630e+01 1.62829562e+01 1.85351801e+01
 NaN NaN NaN
 NaN NaN NaN
 2.86500919e+01 2.89440138e+01 2.92188529e+01
 3.05923922e+00 4.01644290e+00 5.05651574e+00
 1.39641305e+01 1.67152157e+01 1.74832942e+01
 NaN NaN NaN
 8.58315953e+00 8.72199672e+00 9.14970196e+00
 1.86884255e+01 1.90052755e+01 1.92855042e+01
 2.52391866e+00 6.51500592e+00 1.06440131e+01
 1.61318254e+01 1.99696167e+01 2.18550302e+01
 2.61621070e+01 2.66428287e+01 2.67943478e+01
 1.74846183e+01 1.93987371e+01 2.27554289e+01
